53841
92735
38467
01582
76043
29817
58160
43928
70215
18374
64039
09736
32054
86490
47312
10596
65230
31947
28406
74021
59186
43872
86590
32401
70913
29684
84130
61029
78451
05936
49267
38104
06497
92704
61508
47230
98361
70859
19048
34672
02591
84930
13027
70298
38641
90852
43106
28539
19374
50961
62307
01489
78496
57083
82015
34986
16072
69048
07391
41829
65074
30915
28790
76413
53827
09516
83720
61904
21058
38507
84629
17043
72086
51497
68324
45091
98760
14358
60921
34580
92861
07145
60432
31280
09275
76103
51982
27436
85067
39041
60794
28439
43109
05712
84019
71905
25834
30678
15420
96238
